MEMORY
  total           13945 KB
  struct            159 KB
  buffer            474 KB
  arena           13312 KB, used 0.2%

SIZES
  narena                13631488
  nbuffer               485152
  nplugin               0
  maxuse_stack          1456
  maxuse_arena          29048
  maxuse_con            1
  maxuse_efc            13
  ncon                  0
  ne                    0
  nf                    7
  nl                    0
  nefc                  7
  nJ                    49
  nA                    0
  nisland               1
  nidof                 7
  ntree_awake           1
  nbody_awake           10
  nparent_awake         9
  nv_awake              7
  flg_energypos         0
  flg_energyvel         0
  flg_subtreevel        0
  flg_rnepost           0
  threadpool            0

TIMER
    0:  duration =  0.2        number = 10
    1:  duration =  0.19       number = 10
    2:  duration =  0          number = 0
    3:  duration =  0.16       number = 10
    4:  duration =  0.0072     number = 10
    5:  duration =  0.0021     number = 10
    6:  duration =  0.021      number = 10
    7:  duration =  0.0068     number = 10
    8:  duration =  0.019      number = 10
    9:  duration =  0.004      number = 10
    10:  duration =  0.12       number = 10
    11:  duration =  0.014      number = 10
    12:  duration =  0.00025    number = 10
    13:  duration =  0.015      number = 10
    14:  duration =  0.023      number = 10

SOLVER STAT
  solver_fwdinv =   0         0       
ENERGY =   0         0       

TIME =  17      

QPOS
   7.5e-21 
   0.0058  
  -1.6e-06 
  -1.6     
  -0.00042 
   1.6     
  -0.79    

QVEL
  -1.4e-21 
   2.1e-16 
  -5.1e-20 
  -5.4e-14 
   3.7e-18 
   5.4e-14 
  -2.7e-14 

QACC_WARMSTART
  -1.3e-17 
  -5e-15   
  -7.9e-17 
  -6.4e-15 
  -7.7e-16 
   3.1e-15 
  -5.3e-17 

CTRL
   0       
   0       
   0       
  -1.6     
   0       
   1.6     
  -0.79    

QFRC_APPLIED
   0       
   0       
   0       
   0       
   0       
   0       
   0       

XFRC_APPLIED
   0         0         0         0         0         0       
   0         0         0         0         0         0       
   0         0         0         0         0         0       
   0         0         0         0         0         0       
   0         0         0         0         0         0       
   0         0         0         0         0         0       
   0         0         0         0         0         0       
   0         0         0         0         0         0       
   0         0         0         0         0         0       
   0         0         0         0         0         0       

QACC
  -1.3e-17 
  -5e-15   
  -7.9e-17 
  -6.4e-15 
  -7.7e-16 
   3.1e-15 
  -5.3e-17 

TREE_ASLEEP
  -11

XPOS
   0         0         0       
   0         0         0       
   0         0         0       
   0         0         0.33    
   0         0         0.33    
   0.0018    0         0.65    
   0.084    -1.3e-07   0.65    
   0.47     -7.3e-07   0.73    
   0.47     -7.3e-07   0.73    
   0.56     -9e-07     0.73    

XQUAT
   1         0         0         0       
   1         0         0         0       
   1         0         0         0       
   1         0         0         3.7e-21 
   0.71     -0.71      0.0021    0.0021  
   1        -2.3e-09   0.0029   -7.9e-07 
   0.5       0.5       0.5      -0.5     
   0.7      -0.00015   0.71     -0.00015 
   0.71      0.71      0.0043   -0.0043  
  -0.0021    0.92      0.38     -0.0057  

XMAT
   1         0         0         0         1         0         0         0         1       
   1         0         0         0         1         0         0         0         1       
   1         0         0         0         1         0         0         0         1       
   1        -7.5e-21   0         7.5e-21   1         0         0         0         1       
   1        -0.0058    0         0         0         1        -0.0058   -1         0       
   1         1.6e-06   0.0058   -1.6e-06   1         0        -0.0058   -9.2e-09   1       
  -0.011     1        -1.6e-06   8.6e-09  -1.6e-06  -1        -1        -0.011     9.2e-09 
  -0.011    -3.1e-06   1        -0.00042   1        -1.6e-06  -1        -0.00042  -0.011   
   1         0.012     3.1e-06  -1.9e-06   0.00042  -1        -0.012     1         0.00042 
   0.71      0.71     -0.012     0.71     -0.71     -0.00042  -0.0089   -0.0083   -1       

XIPOS
   0         0         0       
   0         0         0       
  -0.03     -0.00025   0.058   
   4.1e-07  -0.018     0.29    
   0.0036    0.0088    0.41    
   0.042    -0.0048    0.62    
   0.15      0.0085    0.69    
   0.37      0.029     0.73    
   0.53      0.01      0.68    
   0.57     -0.0029    0.74    

XIMAT
   1         0         0         0         1         0         0         0         1       
   1         0         0         0         1         0         0         0         1       
   0.011    -0.5       0.87      1         0.033     0.0069   -0.032     0.86      0.5     
   1        -0.022     0.0063    0.022     0.99      0.12     -0.0089   -0.12      0.99    
   0.19     -0.98      0.045     0.98      0.18     -0.12      0.11      0.066     0.99    
   0.81     -0.56      0.16      0.4       0.74      0.53     -0.42     -0.37      0.83    
   0.36     -0.61     -0.7      -0.64     -0.71      0.29     -0.68      0.35     -0.65    
  -0.24      0.17      0.96     -0.65      0.7      -0.29     -0.72     -0.69     -0.057   
   0.39      0.29      0.87      0.39     -0.91      0.13      0.83      0.29     -0.47    
   0.66     -0.55     -0.5      -0.56     -0.81      0.15     -0.49      0.18     -0.85    

XANCHOR
   0         0         0.33    
   0         0         0.33    
   0.0018    0         0.65    
   0.084    -1.3e-07   0.65    
   0.47     -7.3e-07   0.73    
   0.47     -7.3e-07   0.73    
   0.56     -9e-07     0.73    

XAXIS
   0         0         1       
  -7.5e-21   1         2.2e-16 
   0.0058    0         1       
  -1.6e-06  -1         9.2e-09 
   1        -1.6e-06  -0.011   
   3.1e-06  -1         0.00042 
  -0.012    -0.00042  -1       

GEOM_XPOS
   0         0         0       
  -0.044    -0.0034    0.042   
   0.011    -2.2e-05   0.047   
  -0.042    -0.021     0.045   
  -0.034     8.7e-05   0.048   
   0.024     0.0002    0.12    
  -0.07      0.023     0.13    
  -0.008    -3.5e-05   0.12    
  -0.029    -0.00088   0.057   
   1.1e-05  -0.031     0.26    
  -2.6e-08  -0.032     0.27    
   0.0004    0.032     0.4     
   0.0004    0.031     0.4     
   0.035     0.016     0.61    
   0.079     0.079     0.65    
   0.046     0.025     0.61    
   0.13     -0.016     0.7     
   0.089    -0.079     0.65    
   0.12     -0.025     0.69    
   0.34      0.031     0.73    
   0.36      0.11      0.74    
   0.43      0.096     0.73    
   0.36      0.038     0.73    
   0.56      0.025     0.8     
   0.46      0.0055    0.73    
   0.53     -0.0038    0.73    
   0.47     -0.053     0.73    
   0.56     -0.025     0.8     
   0.56      2.9e-05   0.8     
   0.51     -0.022     0.76    
   0.57      3e-05     0.8     
   0.52     -0.0062    0.73    
   0.51     -3.6e-05   0.64    
   0.55     -0.00013   0.65    
   0.61     -3.6e-05   0.64    
   0.61     -7.2e-05   0.64    
   0.57     -3.3e-05   0.65    

GEOM_XMAT
   1         0         0         0         1         0         0         0         1       
  -0.0085   -1         0.049     0.085    -0.05     -1         1        -0.0042    0.086   
   0.99     -0.12      1.5e-05   3.6e-05   0.00017  -1         0.12      0.99      0.00017 
   0.0025   -0.99     -0.11      0.087     0.11     -0.99      1        -0.0072    0.086   
  -0.31      0.0089    0.95     -0.021    -1         0.0025    0.95     -0.019     0.31    
   0.18     -0.98     -0.029    -0.0027    0.029    -1         0.98      0.18      0.0026  
   1         8.3e-06   0.0072    0.0072   -0.0012   -1         8.7e-19   1        -0.0012  
   0.034    -0.00032   1        -6.3e-05  -1        -0.00032   1        -5.2e-05  -0.034   
  -0.36      0.0082    0.93      0.022    -1         0.017     0.93      0.027     0.36    
   1        -0.00072  -7.9e-05   0.00065   0.94     -0.34      0.00032   0.34      0.94    
   1         0.00081  -5.7e-05  -0.00077   0.93     -0.37     -0.00025   0.37      0.93    
   1         0.0014    0.0055    0.00077   0.93     -0.37     -0.0056    0.37      0.93    
   1         0.002     0.0053   -3.9e-05   0.94     -0.34     -0.0057    0.34      0.94    
  -0.68     -0.25      0.69      0.59     -0.74      0.31      0.43      0.62      0.66    
  -0.071    -0.61      0.79      1         0.0022    0.091    -0.057     0.8       0.6     
  -0.74      0.055     0.67      0.28     -0.88      0.38      0.61      0.47      0.64    
   0.42      0.62     -0.67      0.59     -0.74     -0.31     -0.69     -0.26     -0.68    
   0.058    -0.79     -0.62     -1        -0.0022   -0.091     0.07      0.62     -0.78    
   0.54      0.52     -0.66      0.35     -0.86     -0.38     -0.76     -0.032    -0.65    
  -0.0077   -0.23      0.97     -0.017     0.97      0.23     -1        -0.015    -0.011   
  -0.17      0.011     0.98      0.98      0.00042   0.17      0.0015    1        -0.011   
  -0.05      0.012     1         1         0.0029    0.05     -0.0023    1        -0.013   
  -0.013    -0.27      0.96      0.0007    0.96      0.27     -1         0.0043   -0.013   
   1         0.012     3.1e-06  -1.9e-06   0.00042  -1        -0.012     1         0.00042 
   9.2e-05  -0.86     -0.51     -1         0.00012  -0.00039   0.00039   0.51     -0.86    
   0.15     -0.043     0.99     -0.99     -0.016     0.15      0.0099   -1        -0.045   
   3.1e-06  -0.012     1        -1        -0.00042  -1.9e-06   0.00042  -1        -0.012   
   1         0.012     3.1e-06  -1.9e-06   0.00042  -1        -0.012     1         0.00042 
   0.012    -1         3.1e-06   0.00042   1.9e-06  -1         1         0.012     0.00042 
   0.069     0.65      0.76     -0.91     -0.27      0.32      0.41     -0.71      0.57    
   0.22      3.1e-06   0.97      0.00041  -1        -9e-05     0.97      0.00042  -0.22    
   0.14      0.12      0.98     -0.99      0.011     0.14      0.0056   -0.99      0.12    
   0.71      0.71     -0.012     0.71     -0.71     -0.00042  -0.0089   -0.0083   -1       
  -0.0067   -1        -0.022     0.0053   -0.022     1        -1         0.0066    0.0054  
  -0.22     -0.98     -5.8e-05  -0.00042   3.5e-05   1        -0.98      0.22     -0.00041 
  -0.46     -0.89      8.2e-05  -0.00044   0.00032   1        -0.89      0.46     -0.00054 
  -0.066    -0.0006   -1        -0.00019  -1         0.00061  -1         0.00023   0.066   

SITE_XPOS
   0.56     -4.5e-05   0.62    

SITE_XMAT
   0.71      0.71     -0.012     0.71     -0.71     -0.00042  -0.0089   -0.0083   -1       

LIGHT_XPOS
   0         0         1.5     

LIGHT_XDIR
   0         0        -1       

SUBTREE_COM
   0.14      0.0037    0.48    
   0.14      0.0037    0.48    
   0.14      0.0037    0.48    
   0.17      0.0045    0.56    
   0.21      0.0097    0.62    
   0.28      0.01      0.69    
   0.35      0.014     0.71    
   0.46      0.018     0.71    
   0.54      0.0068    0.7     
   0.57     -0.0029    0.74    

CDOF
   0         0         1        -0.0037    0.14      0       
  -7.5e-21   1         2.2e-16   0.15      3.1e-17  -0.14    
   0.0058    0         1        -0.0037    0.14      2.2e-05 
  -1.6e-06  -1         9.2e-09   0.17     -2.6e-07   0.057   
   1        -1.6e-06  -0.011     4.2e-05   0.25      0.0037  
   3.1e-06  -1         0.00042   0.24     -0.00014  -0.33    
  -0.012    -0.00042  -1         0.0038    0.41     -0.00022 

CINERT
   0         0         0         0         0         0         0         0         0         0       
   0         0         0         0         0         0        -0        -0        -0         0       
   0.52      0.6       0.093    -0.0019   -0.21     -0.0048   -0.48     -0.011    -1.2       2.8     
   0.13      0.18      0.066    -0.009    -0.078    -0.014    -0.41     -0.064    -0.55      2.9     
   0.059     0.13      0.081     0.0062   -0.031     0.0053   -0.4       0.015    -0.22      2.9     
   0.067     0.084     0.041     0.00049   0.028     0.00052  -0.22     -0.019     0.31      2.2     
   0.15      0.16      0.035     0.001    -0.017     0.0075    0.017     0.013     0.55      2.6     
   0.16      0.31      0.18     -0.003    -0.13     -0.0091    0.54      0.059     0.58      2.3     
   0.08      0.36      0.29     -0.0059   -0.14     -0.001     0.7       0.012     0.37      1.8     
   0.042     0.16      0.11      0.0018   -0.069     0.0011    0.27     -0.0042    0.16      0.63    

ACTUATOR_LENGTH
   7.5e-21 
   0.0058  
  -1.6e-06 
  -1.6     
  -0.00042 
   1.6     
  -0.79    

actuator_moment
---------
 x       |
  x      |
   x     |
    x    |
     x   |
      x  |
       x |
---------

ACTUATOR_MOMENT
     0:  1       
     1:  1       
     2:  1       
     3:  1       
     4:  1       
     5:  1       
     6:  1       

CRB
   0         0         0         0         0         0         0         0         0         0       
   1.2       2         0.89     -0.01     -0.64     -0.014    -1.7e-16   2.6e-17   1.8e-15   18      
   1.2       2         0.89     -0.01     -0.64     -0.014    -1.7e-16   2.6e-17   1.8e-15   18      
   0.68      1.4       0.8      -0.0085   -0.43     -0.0097    0.48      0.011     1.2       15      
   0.55      1.2       0.73      0.00057  -0.35      0.0043    0.9       0.075     1.7       13      
   0.5       1.1       0.65     -0.0056   -0.32     -0.001     1.3       0.06      2         9.6     
   0.43      0.99      0.61     -0.0061   -0.35     -0.0015    1.5       0.079     1.7       7.4     
   0.28      0.83      0.58     -0.0071   -0.33     -0.009     1.5       0.067     1.1       4.8     
   0.12      0.52      0.4      -0.0041   -0.21      7.2e-05   0.97      0.0075    0.53      2.4     
   0.042     0.16      0.11      0.0018   -0.069     0.0011    0.27     -0.0042    0.16      0.63    

QM
   1.4     
  -0.02      2.7     
   1.2      -0.023     1.4     
  -0.01     -1.1      -0.01      1       
   0.042    -0.024     0.042     0.018     0.1     
  -0.0021   -0.085    -0.0021    0.092     0.0023    0.11    
  -0.0034   -0.00079  -0.0034    0.00021   0.00019   5.9e-05   0.074   

M
     0:  1.4     
     0: -0.02       1:  2.7     
     0:  1.2        1: -0.023      2:  1.4     
     0: -0.01       1: -1.1        2: -0.01       3:  1       
     0:  0.042      1: -0.024      2:  0.042      3:  0.018      4:  0.1     
     0: -0.0021     1: -0.085      2: -0.0021     3:  0.092      4:  0.0023     5:  0.11    
     0: -0.0034     1: -0.00079    2: -0.0034     3:  0.00021    4:  0.00019    5:  5.9e-05    6:  0.074   

QLD
     0:  0.4     
     0: -0.0014     1:  1.4     
     0:  0.86       1: -0.023      2:  1.4     
     0: -0.015      1: -1.1        2: -0.015      3:  0.95    
     0:  0.41       1: -0.22       2:  0.41       3:  0.15       4:  0.1     
     0: -0.02       1: -0.8        2: -0.02       3:  0.87       4:  0.022      5:  0.11    
     0: -0.045      1: -0.011      2: -0.045      3:  0.0028     4:  0.0025     5:  0.0008     6:  0.074   

QLDIAGINV
   2.5     
   0.69    
   0.72    
   1       
   9.9     
   9.4     
   13      

M: inertia structure
---------
 x       |
 xx      |
 xxx     |
 xxxx    |
 xxxxx   |
 xxxxxx  |
 xxxxxxx |
---------

iM: block-diagonal inertia (nnzs are island ids)
---------
 0       |
 00      |
 000     |
 0000    |
 00000   |
 000000  |
 0000000 |
---------

QH
     0:  1.6     
     0: -0.0034     1:  2.9     
     0:  0.58       1: -0.014      2:  2.1     
     0: -0.0065     1: -0.65       2: -0.0064     3:  1.7     
     0:  0.083      1: -0.048      2:  0.083      3:  0.034      4:  0.5     
     0: -0.0042     1: -0.17       2: -0.0041     3:  0.18       4:  0.0046     5:  0.51    
     0: -0.0071     1: -0.0017     2: -0.0071     3:  0.00044    4:  0.0004     5:  0.00012    6:  0.47    

QHDIAGINV
   0.61    
   0.35    
   0.48    
   0.58    
   2       
   2       
   2.1     

TREE_AWAKE
  1

BODY_AWAKE
  -1 -1 -1 1 1 1 1 1 1 1

BODY_AWAKE_IND
  0 1 2 3 4 5 6 7 8 9

PARENT_AWAKE_IND
  1 2 3 4 5 6 7 8 9

DOF_AWAKE_IND
  0 1 2 3 4 5 6

QDERIV
     0: -4.5e+02    1:  0          2:  0          3:  0          4:  0          5:  0          6:  0       
     0:  0          1: -4.5e+02    2:  0          3:  0          4:  0          5:  0          6:  0       
     0:  0          1:  0          2: -3.5e+02    3:  0          4:  0          5:  0          6:  0       
     0:  0          1:  0          2:  0          3: -3.5e+02    4:  0          5:  0          6:  0       
     0:  0          1:  0          2:  0          3:  0          4: -2e+02      5:  0          6:  0       
     0:  0          1:  0          2:  0          3:  0          4:  0          5: -2e+02      6:  0       
     0:  0          1:  0          2:  0          3:  0          4:  0          5:  0          6: -2e+02   

EFC_TYPE
  1
  1
  1
  1
  1
  1
  1

EFC_ID
  0
  1
  2
  3
  4
  5
  6

EFC_J
   1         0         0         0         0         0         0       
   0         1         0         0         0         0         0       
   0         0         1         0         0         0         0       
   0         0         0         1         0         0         0       
   0         0         0         0         1         0         0       
   0         0         0         0         0         1         0       
   0         0         0         0         0         0         1       

IEFC_J
   1         0         0         0         0         0         0       
   0         1         0         0         0         0         0       
   0         0         1         0         0         0         0       
   0         0         0         1         0         0         0       
   0         0         0         0         1         0         0       
   0         0         0         0         0         1         0       
   0         0         0         0         0         0         1       

EFC_POS
   0       
   0       
   0       
   0       
   0       
   0       
   0       

EFC_MARGIN
   0       
   0       
   0       
   0       
   0       
   0       
   0       

EFC_FRICTIONLOSS
   1.1     
   1.1     
   1.1     
   1.1     
   0.76    
   0.44    
   0.25    

EFC_DIAGAPPROX
   3.5     
   0.75    
   3.9     
   2.6     
   9.2     
   9.5     
   13      

EFC_KBIP
   0         1.1e+02   0.9       0       
   0         1.1e+02   0.9       0       
   0         1.1e+02   0.9       0       
   0         1.1e+02   0.9       0       
   0         1.1e+02   0.9       0       
   0         1.1e+02   0.9       0       
   0         1.1e+02   0.9       0       

EFC_D
   2.6     
   12      
   2.3     
   3.5     
   0.98    
   0.95    
   0.67    

EFC_R
   0.39    
   0.083   
   0.43    
   0.29    
   1       
   1.1     
   1.5     

ACTUATOR_VELOCITY
   1.4e-21 
   2.1e-16 
  -4.5e-20 
  -5.4e-14 
   3.4e-18 
   5.4e-14 
  -2.7e-14 

CVEL
   0         0         0         0         0         0       
   0         0         0         0         0         0       
   0         0         0         0         0         0       
   0         0         1.4e-21  -5.3e-24   2e-22     0       
  -1.5e-36   2.1e-16   1.4e-21   3.1e-17   2e-22    -2.9e-17 
  -2.6e-22   2.1e-16  -4.4e-20   3.1e-17  -6.2e-21  -2.9e-17 
   8.5e-20   5.4e-14  -4.4e-20  -9e-15     7.9e-21  -3.1e-15 
   3.5e-18   5.4e-14  -8.3e-20  -9e-15     8.5e-19  -3.1e-15 
   3.6e-18   5.5e-17   2.2e-17   4.3e-15  -6.5e-18  -2.1e-14 
   3.3e-16   6.7e-17   2.7e-14   4.2e-15  -1.1e-14  -2.1e-14 

CDOF_DOT
   0         0         0         0         0         0       
  -1.4e-21  -1.1e-41   0        -1.6e-42   2.1e-22  -5.3e-24 
   2.1e-16   8.3e-24  -1.2e-18   4.5e-21  -3.1e-17   7.7e-19 
  -4.4e-20   6.9e-26   5.9e-22  -1.7e-17  -7.2e-21  -6.5e-17 
  -6.1e-16  -4.3e-20  -5.4e-14   2e-16    -3.2e-15  -2.3e-18 
   2.2e-17  -1.4e-21  -3.6e-18  -2.1e-14   4.8e-18  -4.3e-15 
  -5.5e-17   3.4e-18   6.7e-19  -1.1e-17   4.5e-15  -5.7e-19 

QFRC_BIAS
   4.7e-29 
  -26      
   0.0055  
   19      
   0.83    
   1.7     
   0.00024 

QFRC_SPRING
   0       
   0       
   0       
   0       
   0       
   0       
   0       

QFRC_DAMPER
  -3e-22   
  -4.3e-17 
   9.5e-21 
   1.1e-14 
  -7.1e-19 
  -1.1e-14 
   5.7e-15 

QFRC_GRAVCOMP
   0       
   0       
   0       
   0       
   0       
   0       
   0       

QFRC_FLUID
   0       
   0       
   0       
   0       
   0       
   0       
   0       

QFRC_PASSIVE
  -3e-22   
  -4.3e-17 
   9.5e-21 
   1.1e-14 
  -7.1e-19 
  -1.1e-14 
   5.7e-15 

EFC_VEL
   1.4e-21 
   2.1e-16 
  -4.5e-20 
  -5.4e-14 
   3.4e-18 
   5.4e-14 
  -2.7e-14 

EFC_AREF
  -1.5e-19 
  -2.2e-14 
   4.8e-18 
   5.7e-12 
  -3.6e-16 
  -5.7e-12 
   2.8e-12 

SUBTREE_LINVEL
   0         0         0       
   0         0         0       
   0         0         0       
   0         0         0       
   0         0         0       
   0         0         0       
   0         0         0       
   0         0         0       
   0         0         0       
   0         0         0       

SUBTREE_ANGMOM
   0         0         0       
   0         0         0       
   0         0         0       
   0         0         0       
   0         0         0       
   0         0         0       
   0         0         0       
   0         0         0       
   0         0         0       
   0         0         0       

ACTUATOR_FORCE
  -3.4e-17 
  -26      
   0.0055  
   19      
   0.83    
   1.7     
   0.00024 

QFRC_ACTUATOR
  -3.4e-17 
  -26      
   0.0055  
   19      
   0.83    
   1.7     
   0.00024 

QFRC_SMOOTH
  -3.4e-17 
   2e-13   
  -2e-16   
  -2e-11   
  -3.3e-16 
   5.4e-12 
  -1.9e-12 

QACC_SMOOTH
  -1.9e-13 
  -1.6e-11 
  -4.1e-13 
  -4.3e-11 
   2.2e-12 
   7.6e-11 
  -2.6e-11 

EFC_B
  -1.9e-13 
  -1.6e-11 
  -4.1e-13 
  -4.9e-11 
   2.2e-12 
   8.1e-11 
  -2.9e-11 

EFC_FORCE
   3.3e-17 
  -2e-13   
   1.9e-16 
   2e-11   
   4e-16   
  -5.4e-12 
   1.9e-12 

EFC_STATE
  1
  1
  1
  1
  1
  1
  1

QFRC_CONSTRAINT
   3.3e-17 
  -2e-13   
   1.9e-16 
   2e-11   
   4e-16   
  -5.4e-12 
   1.9e-12 

QFRC_INVERSE
   0       
   0       
   0       
   0       
   0       
   0       
   0       

CACC
   0         0         0         0         0         0       
   0         0         0         0         0         0       
   0         0         0         0         0         0       
   0         0         0         0         0         0       
   0         0         0         0         0         0       
   0         0         0         0         0         0       
   0         0         0         0         0         0       
   0         0         0         0         0         0       
   0         0         0         0         0         0       
   0         0         0         0         0         0       

CFRC_INT
   0         0         0         0         0         0       
   0         0         0         0         0         0       
   0         0         0         0         0         0       
   0         0         0         0         0         0       
   0         0         0         0         0         0       
   0         0         0         0         0         0       
   0         0         0         0         0         0       
   0         0         0         0         0         0       
   0         0         0         0         0         0       
   0         0         0         0         0         0       

CFRC_EXT
   0         0         0         0         0         0       
   0         0         0         0         0         0       
   0         0         0         0         0         0       
   0         0         0         0         0         0       
   0         0         0         0         0         0       
   0         0         0         0         0         0       
   0         0         0         0         0         0       
   0         0         0         0         0         0       
   0         0         0         0         0         0       
   0         0         0         0         0         0       

TREE_ISLAND
  0

ISLAND_NTREE
  1

ISLAND_ITREEADR
  0

MAP_ITREE2TREE
  0

DOF_ISLAND            0 0 0 0 0 0 0

ISLAND_NV             7

ISLAND_IDOFADR        0

MAP_IDOF2DOF          0 1 2 3 4 5 6

EFC_ISLAND            0 0 0 0 0 0 0

ISLAND_NEFC           7

ISLAND_IEFCADR        0

MAP_IEFC2EFC          0 1 2 3 4 5 6

